% pozice satelitu
x1 = [20180; 21800; 24600];
x2 = [25300; 21400; 23000];
x3 = [22200; 20200; 22600];

% vzdalenost satelitu
d1 = 3.853416925275540e+04;
d2 = 4.030272199244115e+04;
d3 = 3.753709365414429e+04;